25 50
42 3 0 42 3 0 42 3 0 42 3 0 42 3 0 42 3 0 42 3 0 42 3 0 42 3 0 42 3 0 42 3 0 42 3 0 42 3 0 42 3 0 42 3 0 42 3 0 42 3 0 42 3 0 42 3 0 42 3 0 42 3 0 42 3 0 42 3 0 42 3 0 42 3 0 42 3 0 42 3 0 42 3 0 42 3 0 42 3 0 42 3 0 42 3 0 42 3 0 42 3 0 42 3 0 42 3 0 42 3 0 42 3 0 42 3 0 42 3 0 42 3 0 42 3 0 42 3 0 42 3 0 42 3 0 42 3 0 42 3 0 42 3 0 42 3 0 42 3 0 
42 3 0 42 3 0 42 3 0 42 3 0 42 3 0 42 3 0 42 3 0 42 3 0 42 3 0 42 3 0 42 3 0 42 3 0 42 3 0 42 3 0 42 3 0 42 3 0 42 3 0 42 3 0 42 3 0 42 3 0 42 3 0 42 3 0 42 3 0 42 3 0 42 3 0 42 3 0 42 3 0 42 3 0 42 3 0 42 3 0 42 3 0 42 3 0 42 3 0 42 3 0 42 3 0 42 3 0 42 3 0 42 3 0 42 3 0 42 3 0 42 3 0 42 3 0 42 3 0 42 3 0 42 3 0 42 3 0 42 3 0 42 3 0 42 3 0 42 3 0 
42 3 0 42 3 0 42 3 0 42 3 0 42 3 0 42 3 0 42 3 0 42 3 0 42 3 0 42 3 0 42 3 0 42 3 0 42 3 0 42 3 0 42 3 0 42 3 0 42 3 0 42 3 0 42 3 0 42 3 0 42 3 0 42 3 0 42 3 0 42 3 0 42 3 0 42 3 0 42 3 0 42 3 0 42 3 0 42 3 0 42 3 0 42 3 0 42 3 0 42 3 0 42 3 0 42 3 0 42 3 0 42 3 0 42 3 0 42 3 0 42 3 0 42 3 0 42 3 0 42 3 0 42 3 0 42 3 0 42 3 0 42 3 0 42 3 0 42 3 0 
42 3 0 42 3 0 42 3 0 42 3 0 42 3 0 42 3 0 42 3 0 42 3 0 42 3 0 42 3 0 42 3 0 42 3 0 42 3 0 42 3 0 42 3 0 42 3 0 42 3 0 42 3 0 42 3 0 42 3 0 42 3 0 42 3 0 42 3 0 42 3 0 42 3 0 42 3 0 42 3 0 42 3 0 42 3 0 42 3 0 42 3 0 42 3 0 42 3 0 42 3 0 42 3 0 42 3 0 42 3 0 42 3 0 42 3 0 42 3 0 42 3 0 42 3 0 42 3 0 42 3 0 42 3 0 42 3 0 42 3 0 42 3 0 42 3 0 42 3 0 
42 3 0 42 3 0 42 3 0 42 3 0 42 3 0 42 3 0 42 3 0 42 3 0 42 3 0 42 3 0 42 3 0 42 3 0 42 3 0 42 3 0 42 3 0 42 3 0 42 3 0 42 3 0 42 3 0 42 3 0 42 3 0 42 3 0 42 3 0 42 3 0 42 3 0 42 3 0 42 3 0 42 3 0 42 3 0 42 3 0 42 3 0 42 3 0 42 3 0 42 3 0 42 3 0 42 3 0 42 3 0 42 3 0 42 3 0 42 3 0 42 3 0 42 3 0 42 3 0 42 3 0 42 3 0 42 3 0 42 3 0 42 3 0 42 3 0 42 3 0 
42 3 0 42 3 0 42 3 0 42 3 0 42 3 0 42 3 0 42 3 0 42 3 0 42 3 0 42 3 0 42 3 0 42 3 0 42 3 0 42 3 0 42 3 0 42 3 0 42 3 0 42 3 0 42 3 0 42 3 0 42 3 0 42 3 0 42 3 0 42 3 0 42 3 0 42 3 0 42 3 0 42 3 0 42 3 0 42 3 0 42 3 0 42 3 0 42 3 0 42 3 0 42 3 0 42 3 0 42 3 0 42 3 0 42 3 0 42 3 0 42 3 0 42 3 0 42 3 0 42 3 0 42 3 0 42 3 0 42 3 0 42 3 0 42 3 0 42 3 0 
42 3 0 42 3 0 42 3 0 42 3 0 42 3 0 42 3 0 42 3 0 42 3 0 42 3 0 42 3 0 42 3 0 42 3 0 42 3 0 42 3 0 42 3 0 42 3 0 42 3 0 42 3 0 42 3 0 42 3 0 42 3 0 42 3 0 42 3 0 42 3 0 42 3 0 42 3 0 42 3 0 42 3 0 42 3 0 42 3 0 42 3 0 42 3 0 42 3 0 42 3 0 42 3 0 42 3 0 42 3 0 42 3 0 42 3 0 42 3 0 42 3 0 42 3 0 42 3 0 42 3 0 42 3 0 42 3 0 42 3 0 42 3 0 42 3 0 42 3 0 
42 3 0 42 3 0 42 3 0 42 3 0 42 3 0 42 3 0 42 3 0 42 3 0 42 3 0 42 3 0 42 3 0 42 3 0 42 3 0 42 3 0 42 3 0 32 15 0 32 15 0 94 15 0 42 3 0 42 3 0 42 3 0 42 3 0 42 3 0 42 3 0 42 3 0 42 3 0 42 3 0 42 3 0 42 3 0 42 3 0 42 3 0 47 15 0 92 15 0 42 3 0 42 3 0 42 3 0 42 3 0 42 3 0 42 3 0 42 3 0 42 3 0 42 3 0 42 3 0 42 3 0 42 3 0 42 3 0 42 3 0 42 3 0 42 3 0 42 3 0 
42 3 0 42 3 0 42 3 0 42 3 0 42 3 0 42 3 0 42 3 0 42 3 0 42 3 0 42 3 0 42 3 0 42 3 0 42 3 0 42 3 0 32 15 0 32 15 0 47 15 0 219 15 0 92 15 0 42 3 0 42 3 0 42 3 0 42 3 0 42 3 0 42 3 0 42 3 0 42 3 0 42 3 0 42 3 0 32 15 0 47 15 0 219 15 0 219 15 0 92 15 0 42 3 0 42 3 0 42 3 0 42 3 0 42 3 0 42 3 0 42 3 0 42 3 0 42 3 0 42 3 0 42 3 0 42 3 0 42 3 0 42 3 0 42 3 0 42 3 0 
42 3 0 42 3 0 42 3 0 42 3 0 42 3 0 42 3 0 42 3 0 42 3 0 42 3 0 42 3 0 42 3 0 42 3 0 32 15 0 32 15 0 32 15 0 47 15 0 219 15 0 219 15 0 219 15 0 92 15 0 42 3 0 42 3 0 42 3 0 42 3 0 42 3 0 42 3 0 42 3 0 42 3 0 42 3 0 47 15 0 219 15 0 219 15 0 219 15 0 219 15 0 92 15 0 32 15 0 32 15 0 42 3 0 42 3 0 42 3 0 42 3 0 42 3 0 42 3 0 42 3 0 42 3 0 42 3 0 42 3 0 42 3 0 42 3 0 42 3 0 
42 3 0 42 3 0 42 3 0 42 3 0 42 3 0 42 3 0 42 3 0 42 3 0 42 3 0 42 3 0 42 3 0 42 3 0 42 3 0 32 15 0 47 15 0 219 15 0 219 15 0 219 15 0 219 15 0 219 15 0 92 15 0 42 3 0 42 3 0 42 3 0 42 3 0 42 3 0 42 3 0 32 15 0 47 15 0 219 15 0 219 15 0 219 15 0 219 15 0 219 15 0 219 15 0 92 15 0 32 15 0 32 15 0 42 3 0 42 3 0 42 3 0 42 3 0 42 3 0 42 3 0 42 3 0 42 3 0 42 3 0 42 3 0 42 3 0 42 3 0 
42 3 0 42 3 0 42 3 0 42 3 0 42 3 0 42 3 0 42 3 0 42 3 0 42 3 0 42 3 0 42 3 0 32 15 0 32 15 0 47 15 0 219 15 0 219 15 0 219 15 0 219 15 0 219 15 0 219 15 0 219 15 0 92 15 0 42 3 0 32 15 0 42 3 0 42 3 0 42 3 0 47 15 0 219 15 0 219 15 0 219 15 0 219 15 0 219 15 0 219 15 0 219 15 0 219 15 0 92 15 0 32 15 0 42 3 0 42 3 0 42 3 0 42 3 0 42 3 0 42 3 0 42 3 0 42 3 0 42 3 0 42 3 0 42 3 0 42 3 0 
42 3 0 42 3 0 42 3 0 42 3 0 42 3 0 42 3 0 42 3 0 42 3 0 42 3 0 42 3 0 32 15 0 32 15 0 47 15 0 219 15 0 219 15 0 219 15 0 219 15 0 219 15 0 219 15 0 219 15 0 219 15 0 219 15 0 92 15 0 32 15 0 32 15 0 42 3 0 47 15 0 219 15 0 219 15 0 219 15 0 219 15 0 219 15 0 219 15 0 219 15 0 219 15 0 219 15 0 219 15 0 92 15 0 32 15 0 42 3 0 42 3 0 42 3 0 42 3 0 42 3 0 42 3 0 42 3 0 42 3 0 42 3 0 42 3 0 42 3 0 
42 3 0 42 3 0 42 3 0 42 3 0 42 3 0 42 3 0 42 3 0 42 3 0 42 3 0 32 15 0 32 15 0 47 15 0 219 15 0 219 15 0 219 15 0 219 15 0 219 15 0 219 15 0 219 15 0 219 15 0 219 15 0 219 15 0 219 15 0 92 15 0 219 15 0 47 15 0 219 15 0 219 15 0 219 15 0 219 15 0 219 15 0 219 15 0 219 15 0 219 15 0 219 15 0 219 15 0 219 15 0 32 15 0 92 15 0 32 15 0 42 3 0 42 3 0 42 3 0 42 3 0 42 3 0 42 3 0 42 3 0 42 3 0 42 3 0 42 3 0 
42 3 0 42 3 0 42 3 0 42 3 0 42 3 0 42 3 0 42 3 0 42 3 0 42 3 0 32 15 0 47 15 0 32 15 0 219 15 0 219 15 0 219 15 0 219 15 0 219 15 0 219 15 0 219 15 0 219 15 0 219 15 0 219 15 0 219 15 0 219 15 0 237 15 0 219 15 0 219 15 0 219 15 0 219 15 0 219 15 0 219 15 0 219 15 0 219 15 0 219 15 0 219 15 0 219 15 0 219 15 0 219 15 0 32 15 0 92 15 0 42 3 0 42 3 0 42 3 0 42 3 0 42 3 0 42 3 0 42 3 0 42 3 0 42 3 0 42 3 0 
42 3 0 42 3 0 42 3 0 42 3 0 42 3 0 42 3 0 42 3 0 42 3 0 32 15 0 32 15 0 92 15 0 219 15 0 219 15 0 219 15 0 219 15 0 219 15 0 219 15 0 219 15 0 219 15 0 219 15 0 219 15 0 219 15 0 219 15 0 47 15 0 219 15 0 92 15 0 219 15 0 219 15 0 219 15 0 219 15 0 219 15 0 219 15 0 219 15 0 219 15 0 219 15 0 219 15 0 219 15 0 219 15 0 47 15 0 42 3 0 42 3 0 42 3 0 42 3 0 42 3 0 42 3 0 42 3 0 42 3 0 42 3 0 42 3 0 42 3 0 
42 3 0 42 3 0 42 3 0 42 3 0 42 3 0 42 3 0 42 3 0 42 3 0 42 3 0 32 15 0 32 15 0 92 15 0 219 15 0 219 15 0 219 15 0 219 15 0 219 15 0 219 15 0 219 15 0 219 15 0 219 15 0 219 15 0 47 15 0 32 15 0 42 3 0 32 15 0 92 15 0 219 15 0 219 15 0 219 15 0 219 15 0 219 15 0 219 15 0 219 15 0 219 15 0 219 15 0 219 15 0 47 15 0 42 3 0 42 3 0 42 3 0 42 3 0 42 3 0 42 3 0 42 3 0 42 3 0 42 3 0 42 3 0 42 3 0 42 3 0 
42 3 0 42 3 0 42 3 0 42 3 0 42 3 0 42 3 0 42 3 0 42 3 0 42 3 0 42 3 0 32 15 0 32 15 0 92 15 0 219 15 0 219 15 0 219 15 0 219 15 0 219 15 0 219 15 0 219 15 0 219 15 0 47 15 0 42 3 0 42 3 0 42 3 0 42 3 0 42 3 0 92 15 0 219 15 0 219 15 0 219 15 0 219 15 0 219 15 0 219 15 0 219 15 0 219 15 0 47 15 0 42 3 0 42 3 0 42 3 0 42 3 0 42 3 0 42 3 0 42 3 0 42 3 0 42 3 0 42 3 0 42 3 0 42 3 0 42 3 0 
42 3 0 42 3 0 42 3 0 42 3 0 42 3 0 42 3 0 42 3 0 42 3 0 42 3 0 42 3 0 32 15 0 32 15 0 32 15 0 92 15 0 219 15 0 219 15 0 219 15 0 219 15 0 219 15 0 219 15 0 47 15 0 42 3 0 42 3 0 42 3 0 42 3 0 42 3 0 42 3 0 42 3 0 92 15 0 219 15 0 219 15 0 219 15 0 219 15 0 219 15 0 219 15 0 47 15 0 42 3 0 42 3 0 42 3 0 42 3 0 42 3 0 42 3 0 42 3 0 42 3 0 42 3 0 42 3 0 42 3 0 42 3 0 42 3 0 42 3 0 
42 3 0 42 3 0 42 3 0 42 3 0 42 3 0 42 3 0 42 3 0 42 3 0 42 3 0 42 3 0 42 3 0 42 3 0 32 15 0 32 15 0 92 15 0 219 15 0 219 15 0 219 15 0 219 15 0 47 15 0 42 3 0 42 3 0 42 3 0 42 3 0 42 3 0 42 3 0 42 3 0 42 3 0 42 3 0 92 15 0 219 15 0 219 15 0 219 15 0 219 15 0 47 15 0 42 3 0 42 3 0 42 3 0 42 3 0 42 3 0 42 3 0 42 3 0 42 3 0 42 3 0 42 3 0 42 3 0 42 3 0 42 3 0 42 3 0 42 3 0 
42 3 0 42 3 0 42 3 0 42 3 0 42 3 0 42 3 0 42 3 0 42 3 0 42 3 0 42 3 0 42 3 0 42 3 0 42 3 0 32 15 0 32 15 0 92 15 0 219 15 0 219 15 0 47 15 0 42 3 0 42 3 0 42 3 0 42 3 0 42 3 0 42 3 0 42 3 0 42 3 0 42 3 0 42 3 0 42 3 0 92 15 0 219 15 0 219 15 0 47 15 0 42 3 0 42 3 0 42 3 0 42 3 0 42 3 0 42 3 0 42 3 0 42 3 0 42 3 0 42 3 0 42 3 0 42 3 0 42 3 0 42 3 0 42 3 0 42 3 0 
42 3 0 42 3 0 42 3 0 42 3 0 42 3 0 42 3 0 42 3 0 42 3 0 42 3 0 42 3 0 42 3 0 42 3 0 42 3 0 42 3 0 32 15 0 32 15 0 92 15 0 47 15 0 42 3 0 42 3 0 42 3 0 42 3 0 42 3 0 42 3 0 42 3 0 42 3 0 42 3 0 42 3 0 42 3 0 32 15 0 32 15 0 92 15 0 47 15 0 42 3 0 42 3 0 42 3 0 42 3 0 42 3 0 42 3 0 42 3 0 42 3 0 42 3 0 42 3 0 42 3 0 42 3 0 42 3 0 42 3 0 42 3 0 42 3 0 42 3 0 
42 3 0 42 3 0 42 3 0 42 3 0 42 3 0 42 3 0 42 3 0 42 3 0 42 3 0 42 3 0 42 3 0 42 3 0 42 3 0 42 3 0 42 3 0 42 3 0 42 3 0 42 3 0 42 3 0 42 3 0 42 3 0 42 3 0 42 3 0 42 3 0 42 3 0 42 3 0 42 3 0 42 3 0 42 3 0 42 3 0 42 3 0 42 3 0 42 3 0 42 3 0 42 3 0 42 3 0 42 3 0 42 3 0 42 3 0 42 3 0 42 3 0 42 3 0 42 3 0 42 3 0 42 3 0 42 3 0 42 3 0 42 3 0 42 3 0 42 3 0 
42 3 0 42 3 0 42 3 0 42 3 0 42 3 0 42 3 0 42 3 0 42 3 0 42 3 0 42 3 0 42 3 0 42 3 0 42 3 0 42 3 0 42 3 0 42 3 0 42 3 0 42 3 0 42 3 0 42 3 0 42 3 0 42 3 0 42 3 0 42 3 0 42 3 0 42 3 0 42 3 0 42 3 0 42 3 0 42 3 0 42 3 0 42 3 0 42 3 0 42 3 0 42 3 0 42 3 0 42 3 0 42 3 0 42 3 0 42 3 0 42 3 0 42 3 0 42 3 0 42 3 0 42 3 0 42 3 0 42 3 0 42 3 0 42 3 0 42 3 0 
42 3 0 42 3 0 42 3 0 42 3 0 42 3 0 42 3 0 42 3 0 42 3 0 42 3 0 42 3 0 42 3 0 42 3 0 42 3 0 42 3 0 42 3 0 42 3 0 42 3 0 42 3 0 42 3 0 42 3 0 42 3 0 42 3 0 42 3 0 42 3 0 42 3 0 42 3 0 42 3 0 42 3 0 42 3 0 42 3 0 42 3 0 42 3 0 42 3 0 42 3 0 42 3 0 42 3 0 42 3 0 42 3 0 42 3 0 42 3 0 42 3 0 42 3 0 42 3 0 42 3 0 42 3 0 42 3 0 42 3 0 42 3 0 42 3 0 42 3 0 
